1000349667
1005179492
1007359450
1037276265
1040150213
1043677500
1044139340
1048963285
1054351411
1062301995
1062460602
1062549964
1062861227
1064649941
1065269410
1069008002
1070438927
1087742721
1089434535
1092865411
1099493624
1130235437
1134992132
1141334385
1143993665
1144130622
1145522765
1159342364
1159868901
1162038125
1166551847
1169441481
1175304662
1179534060
1179720571
1181317712
1182533054
1188928212
1216532917
1217231523
1220143317
1225800757
1233733167
1235128811
1236011850
1236239021
1239878434
1242190153
1250207240
1251302467
1251637637
1255740241
1259064447
1261821630
1267657981
1269141610
1270021050
1272109920
1279636407
1302968435
1308894692
1314428555
1322610735
1322979642
1326282420
1328918695
1343363527
1363193441
1363610440
1363747360
1368014811
1379698321
1390153624
1400654267
1401339610
1402226322
1402400261
1402864094
1403411583
1403825255
1404601825
1405078654
1405870605
1406805275
1407973157
1408059142
1412217211
1417587570
1419047935
1431645173
1433048232
1434895303
1441622853
1450721857
1452043293
1453665524
1456101043
1461892242
1464484735
1467256034
1468365041
1494777880
1495405001
1497031025
1497159127
1497479672
1519138937
1526850377
1527369027
1550131121
1557364107
1560113744
1563109327
1565350895
1565728904
1569852581
1570879427
1574434782
1575532090
1580388167
1581758113
1582412654
1582459022
1584271041
1586487957
1593165583
1594022000
1596549425
1597003414
1599684155
1606769105
1608844817
1609119475
1610919041
1611282661
1611937785
1614458940
1615043514
1615880242
1617092497
1620636917
1624084824
1624087025
1627236537
1629548297
1629672284
1630798675
1633259291
1638919381
1639378393
1640140262
1640314325
1644695481
1644800077
1644863070
1644896881
1645148787
1645269972
1645424320
1645856733
1646862321
1650363454
1650607967
1650766627
1651278601
1651356085
1651550343
1651761387
1652566797
1652663734
1652960481
1652995627
1653082237
1653207052
1654619934
1655038093
1655253920
1655315485
1655355321
1655842210
1657470871
1658121401
1658989423
1659173354
1659238053
1659474244
1659739022
1663026035
1667886872
1667967382
1668200833
1668213880
1668748845
1670097713
1670650805
1671397870
1671836691
1672001661
1672075763
1672099332
1672230627
1673548545
1676226194
1677334771
1677425814
1678366672
1681280472
1683539220
1683873453
1683981095
1684294021
1684953923
1685708664
1685863193
1686919791
1688157727
1690167423
1691029061
1692239745
1693273982
1697142574
1698957732
1704178255
1705136744
1705148393
1706553970
1706971833
1708197664
1708289797
1708687533
1711208191
1712394743
1714733377
1714848524
1718530743
1718792531
1719703892
1720656663
1721793763
1722407431
1723825402
1727050830
1727903635
1727954935
1728961503
1730935132
1731200837
1732786711
1732904685
1732906091
1733481724
1735446142
1735991593
1736659521
1736911165
1737080652
1737757442
1738403510
1738750433
1738763771
1739872964
1741559704
1743789100
1744848544
1744851064
1746649464
1747798614
1747889612
1749202321
1750042725
1750050622
1750089903
1750947655
1751361302
1752084170
1752810207
1758943171
1759888581
1760398113
1760589414
1761543601
1762282107
1762627907
1767064872
1767358120
1769670415
1769720020
1770162255
1770736273
1771804151
1772343731
1773098877
1774184652
1774731321
1775385024
1776369684
1776833474
1777430381
1778249540
1778549211
1778727630
1778938105
1779926345
1780615170
1780854404
1780877950
1781283083
1781447164
1782630125
1782637025
1783276487
1783991280
1785419982
1785692303
1787866674
1791937455
1792073233
1796631493
1798688245
1798782883
1799096765
1799934777
1800268855
1803299813
1804368097
1805563135
1805959095
1807025057
1808067361
1808231153
1808877652
1810879314
1815283243
1817397570
1818693654
1819811883
1819958235
1820286263
1820301067
1820437211
1821013723
1824469453
1824883001
1826874931
1827255221
1828501997
1829165501
1829251205
1829662477
1829948001
1830102627
1830105817
1830127347
1830144333
1830319382
1830684734
1831202675
1834088154
1837287505
1837571482
1837635885
1838586331
1838907115
1839539725
1842143841
1842660277
1843044733
1843290417
1844239971
1845307113
1846969305
1847315447
1850194923
1857386194
1859297334
1859970312
1862061195
1862119312
1864165950
1864195777
1864501582
1864575111
1865395407
1868023004
1871689107
1874260713
1876688137
1878664593
1878937913
1879233531
1879501984
1880650641
1882282852
1882780452
1883996747
1884715211
1884925623
1885355864
1888100904
1888331705
1888598993
1889748097
1890969215
1891827821
1891924883
1893077044
1893835763
1895324351
1895401411
1895571420
1897949550
1898981911
1901701075
1901994274
1902936225
1904312302
1905049472
1906597833
1908081273
1910887793
1911102271
1911387927
1914666542
1915037874
1915330250
1916416185
1917491813
1918015782
1921619014
1922397344
1923071514
1924549135
1924570874
1925053971
1926063123
1926267847
1926737541
1929237943
1930175804
1932178331
1932592840
1932676664
1932926891
1934579211
1935130062
1936261550
1936526225
1936617550
1937436801
1937811610
1938681421
1940822410
1949018325
1949503912
1956010345
1957760340
1958582782
1959248477
1962401195
1962958683
1963291875
1963315255
1966272230
1970201181
1970236911
1970879995
1971336973
1976638731
1978391022
1978766913
1979969971
1980759101
1981643571
1984011437
1984378897
1989100371
1991953143
1992874401
1994720717
1997447001
1998897055
2005424431
2006811147
2009002213
2010767384
2012529193
2017769997
2018475561
2028837827
2032610915
2032965471
2033104652
2040591260
2040719281
2042223367
2043665100
2044738487
2045836341
2048406114
2049553810
2050560430
2052705931
2057868185
2060750830
2063405465
2070442642
2073066283
2075473762
2076353597
2076409437
2079967337
2080437241
2080874727
2082673653
2089932395
2090845213
2091764185
2094488983
2095231405
2096176592
2098012935
2099173447
2099368174
2099653861
2100610530
2101048837
2101692131
2101958344
2104342991
2104931705
2105598235
2105770294
2105822063
2108671043
2108758361
2110759332
2110782555
2110794314
2119565410
2121755947
2128908815
2132448623
2133362995
2134111233
2135798217
2136699412
2136731610
2138148751
2138513627
2140545823
2142379882
2152429171
2153892893
2157794341
2158484201
2158747975
2158832600
2168800323
2169242575
2170843500
2173456071
2175790810
2181039047
2183147235
2185522864
2203706464
2206445035
2206452235
2207065993
2210287727
2211507180
2214736887
2216328970
2218596963
2235159212
2237001281
2237257255
2241792060
2243020934
2243578661
2251316315
2252936342
2253150792
2256107621
2259079072
2262329600
2265908621
2267054803
2272567155
2275021947
2276578611
2279105367
2281822197
2286033525
2288396312
2288919544
2292765573
2295094522
2296386893
2297646642
2301353937
2302873790
2304683092
2305981581
2308492751
2313655094
2314857102
2316531634
2316690202
2322114464
2325604695
2335069057
2336549293
2342434183
2347007713
2351012892
2352027855
2355834223
2356286753
2361711314
2364335842
2375921690
2377501513
2390529195
2391174783
2393031344
2394714753
2395854824
2403848441
2406225807
2409433584
2409599494
2410214642
2410990914
2411060633
2412725940
2413280411
2420363027
2422065037
2423536994
2428488503
2430957464
2439331201
2439958102
2448376042
2450809574
2457908992
2470298677
2472682242
2473165935
2473930467
2478528977
2479205770
2479596337
2480822925
2483199694
2485447340
2488458373
2491056324
2491627752
2493577144
2495393541
2499544570
2502861941
2507701740
2512550995
2512567393
2512658304
2517367294
2523978440
2526131824
2535161187
2545339541
2560551095
2565482113
2567464244
2580546610
2588557220
2593209797
2593578850
2599604932
2603747282
2611764075
2611824947
2614841211
2619620892
2624462213
2625142215
2626406443
2633963733
2647694523
2649092974
2651377997
2655093620
2656929575
2658786833
2670193093
2670388203
2672665814
2675058705
2678635653
2687929943
2691893572
2694208751
2703427641
2707497692
2712731814
2715259753
2720873871
2723203161
2725969433
2730505265
2732729264
2734264017
2734737653
2744013801
2744210202
2745831413
2748991587
2763489874
2770078343
2780441453
2782017417
2785745192
2795708267
2797039730
2797655074
2814648147
2814649783
2814700821
2814878781
2829381924
2829598920
2831068832
2838423930
2849493465
2857336044
2857976184
2867879661
2880396323
2886453314
2886861834
2887481054
2889797204
2891464084
2891941764
2892371542
2894108031
2925544191
2929646521
2934117055
2935120525
2940835057
2979982612
2981815412
2989420331
2996507214
3010296850
3015910193
3061921383
3067239857
3068524213
3070227641
3079828865
3094897527
3098691281
3107662313
3147851815
3161813504
3167368287
3167440813
3169096483
3169170833
3171106147
3175683383
3181534917
3199424703
3207325534
3220994454
3221707735
3224962394
3224977147
3226472387
3229700933
3233735184
3238352342
3241169121
3262702532
3264933474
3273772214
3282959570
3292744884
3298027410
3311254472
3342857874
3387761502
3399538404
3409587724
3428289702
3456195434
3484682702
3488463210
3499534457
3515102652
3519696591
3563691595
3660704991
3664164121
3682656651
3697621542
3698881121
3701392650
3770434691
3791552757
3793297311
3801299071
3823746193
3844953001
3854857051
3868786358
3869471660
3917218240
3919617513
3957104829
3963020280
3980591864
5025549712
5120518947
5180566444
5182936275
5202734587
5222813898
5239110457